jump_array:
0000010000000010
0000011000000011
0000000000000000
0000000000000000

0000011100000100
0000100100000101
0000000000000000
0000000000000000

0000100000000101
0000101000000110
0000000000000000
0000000000000000

0000000100000010
0000011000000101
0000101100000111
0000110100001000

0000110000001000
0000111000001001
0000000000000000
0000000000000000

0000000100000011
0000010000000101
0000110100001001
0000111100001010

0000001000000100
0000100100001000
0000000000000000
0000000000000000

0000001100000101
0000101000001001
0000000000000000
0000000000000000

0000001000000101
0000011100001000
0000000000000000
0000000000000000

0000001100000110
0000100000001001
0000000000000000
0000000000000000

0000010000000111
0000110100001100
0000000000000000
0000000000000000

0000010100001000
0000111000001101
0000000000000000
0000000000000000

0000010000001000
0000011000001001
0000101100001100
0000111100001110

0000010100001001
0000110000001101
0000000000000000
0000000000000000

0000011000001010
0000110100001110
0000000000000000
0000000000000000

level_one_position:
0000000000010111

level_two_position:
0111111000000000

pegboard_array:
0000000000000000
0000000000000000
0000000000000000
0000000000000000
0000000000000000
0000000000000000
0000000000000000
0000000000000000
0000000000000000
0000000000000000
0000000000000000
0000000000000000
0000000000000000
0000000000000000
0000000000000000
0000000000000000